TC: {<NC>+<AQ>*(<PDEL><DA>?<NC>+<AQ>*)?} if len(TC.split()) > 1


1 2.0 3.0 4.0   -> min_freq, binom_cutoff, min_cvalue1, min_cvalue2
0.12            -> precision 1st quartile
0.34            -> precision 2nd quartile
....            -> ...
====            ====
0.56            -> global precision
0.78            -> recall


1 0.0 0.0 0.0   2 0.0 0.0 0.0   3 0.0 0.0 0.0
0.23            0.34            0.4
0.12            0.26            0.28
0.1             0.19            0.28
0.22            0.31            0.37
====            ====            ====
0.17            0.27            0.33
0.94            0.41            0.27


1 0.0 0.0 0.0   1 0.1 0.0 0.0   1 0.2 0.0 0.0   1 0.3 0.0 0.0   1 0.4 0.0 0.0
0.23            0.25            0.28            0.36            0.43
0.12            0.13            0.16            0.22            0.28
0.1             0.11            0.13            0.18            0.22
0.22            0.24            0.29            0.36            0.44
====            ====            ====            ====            ====
0.17            0.18            0.22            0.28            0.34
0.94            0.93            0.84            0.77            0.69


1 0.0 0.0 0.0   1 0.0 1.5 0.0   1 0.0 2.0 0.0   1 0.0 3.0 0.0   1 0.0 4.0 0.0
0.23            0.25            0.31            0.37            0.39
0.12            0.15            0.18            0.27            0.28
0.1             0.12            0.14            0.2             0.33
0.22            0.07            0.12            0.21            0.18
====            ====            ====            ====            ====
0.17            0.15            0.19            0.26            0.3
0.94            0.59            0.46            0.31            0.22


1 0.0 0.0 0.0   1 0.0 0.0 1.0                   1 0.0 0.0 2.0
0.23            0.25                            0.36
0.12            0.16                            0.25
0.1             0.11                            0.15
0.22            0.07                            0.2
====            ====                            ====
0.17            0.15                            0.24
0.94            0.59                            0.31
